0.3647059 0.5411765 0.6588235 blue
0.9411765 0.972549 1 blue
0.6431373 0.7764706 0.2235294 green
0.9490196 0.9529412 0.9568627 white
0.9803922 0.9215686 0.8431373 white
0.5529412 0.7137255 0 green
0.2941177 0.3254902 0.1254902 green
0.9137255 0.8392157 0.4196078 yellow
0.5372549 0.8117647 0.9411765 blue
0.1294118 0.6705883 0.8039216 blue
1 0.8823529 0.2078431 yellow
0.7372549 0.8313726 0.9019608 blue
0 0 0 black
0.6745098 0.8980392 0.9333333 blue
0 0 1 blue
0 0.8666667 0.8666667 green
0 0.5843138 0.7137255 blue
0.8 0 0 red
0 0.4392157 1 blue
0.7960784 0.254902 0.3294118 red
0.4 1 0 green
0 0.2588235 0.145098 green
0.8 0.3333333 0 orange
0.372549 0.6196079 0.627451 blue
0 0.4196078 0.2352941 green
0.9294118 0.5294118 0.1764706 orange
0.8901961 0 0.1333333 red
1 0.9647059 0 yellow
0.1176471 0.3019608 0.1686275 green
0.6392157 0.7568628 0.6784314 blue
0.4705882 0.5254902 0.4196078 green
1 0.9372549 0 yellow
1 0.03137255 0 red
0 0.8 0.6 green
1 0 0.2196078 red
0.6 0.7294118 0.8666667 blue
0.9294118 0.5686275 0.1294118 orange
0.2862745 0.5921569 0.8156863 blue
0.1647059 0.3215686 0.7450981 blue
0 0.4784314 0.6470588 blue
0.8784314 0.2352941 0.1921569 red
1 0.654902 0 yellow
0.6078432 0.8666667 1 blue
0 0.1803922 0.3882353 black
1 0.2509804 0.2509804 red
0.3921569 0.5843138 0.9294118 blue
0 0 0.5450981 blue
0.6431373 0 0 red
0.3254902 0.4078431 0.4705882 blue
0.003921569 0.1960784 0.1254902 green
0.1019608 0.1411765 0.1294118 green
0 0.2 0.4 blue
0.3333333 0.4196078 0.1843137 green
1 0.5490196 0 orange
0.4666667 0.6196079 0.7960784 blue
0.01176471 0.7529412 0.2352941 green
0.5882353 0.4352941 0.8392157 purple
0.7607843 0.2313726 0.1333333 red
0 0.2 0.6 blue
0.5450981 0 0 red
0.5607843 0.7372549 0.5607843 green
0.282353 0.2392157 0.5450981 blue
0.09019608 0.4470588 0.2705882 green
0 0.4117647 0.2431373 green
0.8431373 0.03921569 0.3254902 red
0.9137255 0.4117647 0.172549 orange
0 0.2941177 0.2862745 green
0.1176471 0.5647059 1 blue
0 0 0.6117647 blue
0.8823529 0.6627451 0.372549 yellow
0.0627451 0.2039216 0.6509804 blue
0.4901961 0.9764706 1 blue
0 0.9960784 0 green
0.7490196 0 1 purple
1 0.9960784 0 yellow
0.5882353 0.7843137 0.6352941 blue
0.5019608 0.09411765 0.09411765 red
0.3098039 0.4745098 0.2588235 green
1 0.1568628 0 red
0.8078431 0.1254902 0.1607843 red
1 0.9803922 0.9411765 white
0.003921569 0.2666667 0.1294118 green
0 0.4470588 0.7333333 blue
0.972549 0.972549 1 white
1 0.8745098 0 yellow
0 1 0 green
0.6784314 1 0.1843137 yellow
0 1 0.4980392 green
0.2666667 0.4235294 0.8117647 blue
0.3215686 0.09411765 0.9803922 purple
0 0.4392157 0 green
0.2078431 0.3686275 0.2313726 green
0.07450981 0.5333334 0.03137255 green
0.8901961 0.6588235 0.3411765 yellow
0 0.1843137 0.654902 blue
1 0.3098039 0 orange
0 0.5647059 0 green
0.1607843 0.6705883 0.5294118 green
0.2980392 0.7333333 0.09019608 green
0.03137255 0.4705882 0.1882353 green
0.8 0.8 1 blue
0.5882353 0.4823529 0.7137255 purple
0.4862745 0.9882353 0 green
0.6784314 0.8470588 0.9019608 blue
0.5764706 0.8 0.9176471 blue
0.9803922 0.9803922 0.8235294 yellow
0.5647059 0.9333333 0.5647059 green
0.6941177 0.6117647 0.8509804 purple
0.1254902 0.6980392 0.6666667 green
0.5294118 0.8078431 0.9803922 blue
1 1 0.9294118 yellow
0.1960784 0.8039216 0.1960784 green
0.09803922 0.3490196 0.01960784 green
0.3764706 0.3137255 0.8627451 blue
0.4509804 0.7607843 0.9843137 blue
0 0 0.8039216 blue
0.8862745 0.02352941 0.172549 red
0.01176471 0.3137255 0.5882353 blue
0.1098039 0.2078431 0.1764706 green
0 0.4039216 0.6470588 blue
0.5764706 0.4392157 0.8588235 purple
0.2352941 0.7019608 0.4431373 green
0.4823529 0.4078431 0.9333333 blue
0 0.9803922 0.6039216 green
0 0.3294118 0.7058824 blue
0.7803922 0.08235294 0.5215687 red
0.09803922 0.09803922 0.4392157 blue
0 0.2862745 0.3254902 green
1 0.7686275 0.04705882 yellow
0.5960785 1 0.5960785 green
0.4509804 0.6627451 0.7607843 blue
0.6784314 0.8745098 0.6784314 green
0.09411765 0.2705882 0.2313726 green
0.1647059 0.5019608 0 green
1 0.8705882 0.6784314 white
0.2235294 1 0.07843138 green
0.6431373 0.8666667 0.9294118 blue
0 0.4666667 0.7450981 blue
1 0.4980392 0 orange
1 0.2705882 0 red
0.6 0 0 red
1 0.4313726 0.2901961 orange
0 0.1294118 0.2784314 blue
0 0.4 0 green
0.1529412 0.2313726 0.8862745 blue
0.4078431 0.1568628 0.3764706 purple
0.6862745 0.9333333 0.9333333 blue
0.6705883 0.8039216 0.9372549 blue
0.5960785 0.9843137 0.5960785 green
0.5882353 0.8705882 0.8196079 blue
0.4705882 0.09411765 0.2901961 purple
0.682353 0.7764706 0.8117647 blue
0.4666667 0.8666667 0.4666667 green
1 0.7019608 0.2784314 orange
0.7019608 0.6196079 0.7098039 purple
1 0.4117647 0.3803922 red
0.9921569 0.9921569 0.5882353 yellow
1 0.8 0.6 orange
0.9803922 0.8745098 0.6784314 yellow
0.1098039 0.2235294 0.7333333 blue
0 0.6509804 0.5764706 green
0.8509804 0.5647059 0.345098 orange
0.8 0.2 0.2 red
0 0.05882353 0.5372549 blue
0.07058824 0.2078431 0.1411765 green
0.003921569 0.4745098 0.4352941 green
1 0.3529412 0.2117647 orange
0.6901961 0.8784314 0.9019608 blue
1 0.5607843 0 orange
0 0.1921569 0.3254902 blue
0.6235294 0 0.772549 purple
1 0.2078431 0.3686275 red
1 0 0 red
0.6705883 0.3058824 0.3215686 red
0 0.2509804 0.2509804 black
0.03137255 0.572549 0.8156863 blue
0.254902 0.282353 0.2 green
0 0.8 0.8 blue
0 0.1372549 0.4 blue
0.4705882 0.3176471 0.6627451 purple
0 0.3372549 0.2470588 green
1 0.4039216 0 orange
0.3137255 0.4901961 0.1647059 green
1 0.8470588 0 yellow
0.4627451 1 0.4784314 green
0.1803922 0.5450981 0.3411765 green
1 0.7294118 0 yellow
0 0.6196079 0.3764706 green
0.5294118 0.8078431 0.9215686 blue
0.4156863 0.3529412 0.8039216 blue
0.0627451 0.04705882 0.03137255 black
0.9960784 0.9921569 1 white
0.2745098 0.509804 0.7058824 blue
0.1372549 0.1607843 0.4784314 blue
1 0.8 0 yellow
0.8156863 0.9411765 0.7529412 green
0.2117647 0.4588235 0.5333334 blue
0 0.427451 0.3568628 green
0.03921569 0.7294118 0.7098039 blue
0.9333333 0.9019608 0 yellow
0.9921569 0.05490196 0.2078431 red
0 0.4509804 0.8117647 blue
0.254902 0.4901961 0.7568628 blue
0 1 0.9372549 blue
0.627451 0.8392157 0.7058824 green
0.4 0.2588235 0.3019608 red
0.4 0.007843138 0.2352941 purple
0 0.2 0.6666667 blue
0.8509804 0 0.2980392 red
0.3254902 0.4078431 0.5843138 blue
0.2352941 0.8156863 0.4392157 green
0.254902 0.4 0.9607843 blue
0.3568628 0.572549 0.8980392 blue
1 1 0.4 yellow
0.682353 0.1254902 0.1607843 red
0.7843137 0.03137255 0.08235294 red
0 0.2588235 0.2588235 black
1 1 1 white
0.05882353 0.3019608 0.572549 blue
1 1 0 yellow
0.6039216 0.8039216 0.1960784 green
1 0.9372549 0.007843138 orange