0.3647059 0.5411765 0.6588235 blue
0.9411765 0.972549 1 blue
0.6431373 0.7764706 0.2235294 green
0.9490196 0.9529412 0.9568627 white
0.9803922 0.9215686 0.8431373 white
0.5529412 0.7137255 0 green
0.2941177 0.3254902 0.1254902 green
0.9137255 0.8392157 0.4196078 yellow
0.5372549 0.8117647 0.9411765 blue
0.1294118 0.6705883 0.8039216 blue
1 0.8823529 0.2078431 yellow
0.7372549 0.8313726 0.9019608 blue
0 0 0 black
0.6745098 0.8980392 0.9333333 blue
0 0 1 blue
0 0.8666667 0.8666667 green
0 0.5843138 0.7137255 blue
0.8 0 0 red
0 0.4392157 1 blue
0.7960784 0.254902 0.3294118 red
0.4 1 0 green
0 0.2588235 0.145098 green
0.8 0.3333333 0 orange
0.372549 0.6196079 0.627451 blue
0 0.4196078 0.2352941 green
0.9294118 0.5294118 0.1764706 orange
0.8901961 0 0.1333333 red
1 0.9647059 0 yellow
0.1176471 0.3019608 0.1686275 green
0.6392157 0.7568628 0.6784314 blue
0.4705882 0.5254902 0.4196078 green
1 0.9372549 0 yellow
1 0.03137255 0 red
0 0.8 0.6 green
1 0 0.2196078 red
0.6 0.7294118 0.8666667 blue
0.9294118 0.5686275 0.1294118 orange
0.2862745 0.5921569 0.8156863 blue
0.1647059 0.3215686 0.7450981 blue
0 0.4784314 0.6470588 blue
0.8784314 0.2352941 0.1921569 red
1 0.654902 0 yellow
0.6078432 0.8666667 1 blue
0 0.1803922 0.3882353 black
1 0.2509804 0.2509804 red
0.3921569 0.5843138 0.9294118 blue
0 0 0.5450981 blue
0.6431373 0 0 red
0.3254902 0.4078431 0.4705882 blue
0.003921569 0.1960784 0.1254902 green
0.1019608 0.1411765 0.1294118 green
0 0.2 0.4 blue
0.3333333 0.4196078 0.1843137 green
1 0.5490196 0 orange
0.4666667 0.6196079 0.7960784 blue
0.01176471 0.7529412 0.2352941 green
0.5882353 0.4352941 0.8392157 purple
0.7607843 0.2313726 0.1333333 red
0 0.2 0.6 blue
0.5450981 0 0 red
0.5607843 0.7372549 0.5607843 green
0.282353 0.2392157 0.5450981 blue
0.09019608 0.4470588 0.2705882 green
0 0.4117647 0.2431373 green
0.8431373 0.03921569 0.3254902 red
0.9137255 0.4117647 0.172549 orange
0 0.2941177 0.2862745 green
0.1176471 0.5647059 1 blue
0 0 0.6117647 blue
0.8823529 0.6627451 0.372549 yellow
0.0627451 0.2039216 0.6509804 blue
0.4901961 0.9764706 1 blue
0 0.9960784 0 green
0.7490196 0 1 purple
1 0.9960784 0 yellow
0.5882353 0.7843137 0.6352941 blue
0.5019608 0.09411765 0.09411765 red
0.3098039 0.4745098 0.2588235 green
1 0.1568628 0 red
0.8078431 0.1254902 0.1607843 red
1 0.9803922 0.9411765 white
0.003921569 0.2666667 0.1294118 green
0 0.4470588 0.7333333 blue
0.972549 0.972549 1 white
1 0.8745098 0 yellow
0 1 0 green
0.6784314 1 0.1843137 yellow
0 1 0.4980392 green
0.2666667 0.4235294 0.8117647 blue
0.3215686 0.09411765 0.9803922 purple
0 0.4392157 0 green
0.2078431 0.3686275 0.2313726 green
0.07450981 0.5333334 0.03137255 green
0.8901961 0.6588235 0.3411765 yellow
0 0.1843137 0.654902 blue
1 0.3098039 0 orange
0 0.5647059 0 green
0.1607843 0.6705883 0.5294118 green
0.2980392 0.7333333 0.09019608 green
0.03137255 0.4705882 0.1882353 green
0.8 0.8 1 blue
0.5882353 0.4823529 0.7137255 purple
0.4862745 0.9882353 0 green
0.6784314 0.8470588 0.9019608 blue
0.5764706 0.8 0.9176471 blue
0.9803922 0.9803922 0.8235294 yellow
0.5647059 0.9333333 0.5647059 green
0.6941177 0.6117647 0.8509804 purple
0.1254902 0.6980392 0.6666667 green
0.5294118 0.8078431 0.9803922 blue
1 1 0.9294118 yellow
0.1960784 0.8039216 0.1960784 green
0.09803922 0.3490196 0.01960784 green
0.3764706 0.3137255 0.8627451 blue
0.4509804 0.7607843 0.9843137 blue
0 0 0.8039216 blue
0.8862745 0.02352941 0.172549 red
0.01176471 0.3137255 0.5882353 blue
0.1098039 0.2078431 0.1764706 green
0 0.4039216 0.6470588 blue
0.5764706 0.4392157 0.8588235 purple
0.2352941 0.7019608 0.4431373 green
0.4823529 0.4078431 0.9333333 blue
0 0.9803922 0.6039216 green
0 0.3294118 0.7058824 blue
0.7803922 0.08235294 0.5215687 red
0.09803922 0.09803922 0.4392157 blue
0 0.2862745 0.3254902 green
1 0.7686275 0.04705882 yellow
0.5960785 1 0.5960785 green
0.4509804 0.6627451 0.7607843 blue
0.6784314 0.8745098 0.6784314 green
0.09411765 0.2705882 0.2313726 green
0.1647059 0.5019608 0 green
1 0.8705882 0.6784314 white
0.2235294 1 0.07843138 green
0.6431373 0.8666667 0.9294118 blue
0 0.4666667 0.7450981 blue
1 0.4980392 0 orange
1 0.2705882 0 red
0.6 0 0 red
1 0.4313726 0.2901961 orange
0 0.1294118 0.2784314 blue
0 0.4 0 green
0.1529412 0.2313726 0.8862745 blue
0.4078431 0.1568628 0.3764706 purple
0.6862745 0.9333333 0.9333333 blue
0.6705883 0.8039216 0.9372549 blue
0.5960785 0.9843137 0.5960785 green
0.5882353 0.8705882 0.8196079 blue
0.4705882 0.09411765 0.2901961 purple
0.682353 0.7764706 0.8117647 blue
0.4666667 0.8666667 0.4666667 green
1 0.7019608 0.2784314 orange
0.7019608 0.6196079 0.7098039 purple
1 0.4117647 0.3803922 red
0.9921569 0.9921569 0.5882353 yellow
1 0.8 0.6 orange
0.9803922 0.8745098 0.6784314 yellow
0.1098039 0.2235294 0.7333333 blue
0 0.6509804 0.5764706 green
0.8509804 0.5647059 0.345098 orange
0.8 0.2 0.2 red
0 0.05882353 0.5372549 blue
0.07058824 0.2078431 0.1411765 green
0.003921569 0.4745098 0.4352941 green
1 0.3529412 0.2117647 orange
0.6901961 0.8784314 0.9019608 blue
1 0.5607843 0 orange
0 0.1921569 0.3254902 blue
0.6235294 0 0.772549 purple
1 0.2078431 0.3686275 red
1 0 0 red
0.6705883 0.3058824 0.3215686 red
0 0.2509804 0.2509804 black
0.03137255 0.572549 0.8156863 blue
0.254902 0.282353 0.2 green
0 0.8 0.8 blue
0 0.1372549 0.4 blue
0.4705882 0.3176471 0.6627451 purple
0 0.3372549 0.2470588 green
1 0.4039216 0 orange
0.3137255 0.4901961 0.1647059 green
1 0.8470588 0 yellow
0.4627451 1 0.4784314 green
0.1803922 0.5450981 0.3411765 green
1 0.7294118 0 yellow
0 0.6196079 0.3764706 green
0.5294118 0.8078431 0.9215686 blue
0.4156863 0.3529412 0.8039216 blue
0.0627451 0.04705882 0.03137255 black
0.9960784 0.9921569 1 white
0.2745098 0.509804 0.7058824 blue
0.1372549 0.1607843 0.4784314 blue
1 0.8 0 yellow
0.8156863 0.9411765 0.7529412 green
0.2117647 0.4588235 0.5333334 blue
0 0.427451 0.3568628 green
0.03921569 0.7294118 0.7098039 blue
0.9333333 0.9019608 0 yellow
0.9921569 0.05490196 0.2078431 red
0 0.4509804 0.8117647 blue
0.254902 0.4901961 0.7568628 blue
0 1 0.9372549 blue
0.627451 0.8392157 0.7058824 green
0.4 0.2588235 0.3019608 red
0.4 0.007843138 0.2352941 purple
0 0.2 0.6666667 blue
0.8509804 0 0.2980392 red
0.3254902 0.4078431 0.5843138 blue
0.2352941 0.8156863 0.4392157 green
0.254902 0.4 0.9607843 blue
0.3568628 0.572549 0.8980392 blue
1 1 0.4 yellow
0.682353 0.1254902 0.1607843 red
0.7843137 0.03137255 0.08235294 red
0 0.2588235 0.2588235 black
1 1 1 white
0.05882353 0.3019608 0.572549 blue
1 1 0 yellow
0.6039216 0.8039216 0.1960784 green
1 0.9372549 0.007843138 orange
0.57087904 0.10030556 0.1917519 red
0.22831249 0.037030756 0.8493558 blue
0.7321225 0.102524936 0.2197569 red
0.2956403 0.08248252 0.18423474 black
0.1135537 0.64608306 0.3791296 green
0.38098538 0.9022758 0.12825447 green
0.064936936 0.82027394 0.70123464 blue
0.13627195 0.6494507 0.12738228 green
0.39472264 0.023800611 0.37392306 purple
0.9407222 0.46974438 0.34086215 orange
0.85987985 0.39751852 0.815402 purple
0.9893753 0.82101876 0.75553346 white
0.6393939 0.3986181 0.9766146 purple
0.32687122 0.24629164 0.36195457 blue
0.1945985 0.39882058 0.24013096 green
0.7991407 0.5291081 0.04345864 orange
0.33550435 0.03639555 0.5062434 purple
0.48973143 0.9814848 0.5543827 green
0.6992987 0.6944512 0.2817071 yellow
0.8206165 0.15778351 0.6257482 purple
0.6077557 0.27903616 0.59064215 purple
0.61573094 0.9932561 0.7501406 green
0.7213856 0.5783385 0.019976139 yellow
0.037854075 0.94016165 0.38161397 green
0.88765097 0.035006106 0.17451453 red
0.7470183 0.63464206 0.86191434 purple
0.82676685 0.58620566 0.75101936 purple
0.8091187 0.11225855 0.120271504 red
0.41894484 0.036029756 0.25038671 purple
0.72836787 0.31268942 0.005439937 orange
0.67142516 0.59040177 0.79320586 purple
0.6159527 0.80899465 0.49903446 green
0.7065129 0.4899773 0.64397645 purple
0.9742754 0.1234467 0.14671749 red
0.084398866 0.10262054 0.78845173 blue
0.0533607 0.53178746 0.5030486 blue
0.8405007 0.22241175 0.76270574 purple
0.9835256 0.3590411 0.9808624 purple
0.10037583 0.86135274 0.31680095 green
0.35285926 0.96165484 0.4742427 green
0.6996979 0.7000343 0.32616425 yellow
0.08004594 0.5079547 0.58414537 blue
0.71456444 0.43334037 0.47343928 purple
0.4397117 0.50000125 0.7165215 blue
0.023442507 0.45761025 0.069411874 green
0.8995927 0.9634321 0.9249471 white
0.64908046 0.79269594 0.72925353 white
0.18588024 0.80161715 0.15279186 green
0.8268938 0.8795136 0.37006277 yellow
0.9031833 0.20500028 0.37470287 red
0.3103819 0.3422838 0.02721697 green
0.5109339 0.6281181 0.7547942 blue
0.379027 0.22579765 0.8709793 blue
0.021026134 0.37379104 0.21256226 green
0.069770634 0.15338194 0.4472565 blue
0.91862804 0.04917723 0.50597554 red
0.14684713 0.4330684 0.921842 blue
0.11518949 0.7449953 0.7879472 blue
0.7490162 0.97486883 0.6137529 green
0.035740554 0.6044536 0.34723514 green
0.5856431 0.98916435 0.06145394 green
0.6049705 0.8535356 0.49834663 green
0.7729624 0.8149071 0.20623046 yellow
0.5750242 0.8089255 0.8611172 blue
0.19801414 0.98886245 0.6218673 green
0.49481928 0.86693305 0.294787 green
0.43965936 0.24839687 0.77077115 purple
0.6931957 0.9331407 0.69711554 green
0.8401904 0.9710426 0.7156263 yellow
0.45905906 0.059298754 0.7681056 purple
0.53209877 0.53378916 0.49478054 white
0.0094867945 0.4592896 0.86375934 blue
0.1910026 0.945838 0.5258443 green
0.20822006 0.9311806 0.4534335 green
0.47686177 0.72400033 0.6003508 green
0.12656516 0.94247335 0.8060142 blue
0.6567688 0.007531762 0.6595639 purple
0.33563828 0.07230544 0.26054257 black
0.16365719 0.17836124 0.6029008 blue
0.62410206 0.17942154 0.552582 purple
0.72627634 0.4439608 0.84887034 purple
0.32651144 0.38061923 0.5707013 blue
0.6424213 0.78532 0.36518806 green
0.43079573 0.8864523 0.41960305 green
0.047731757 0.37897205 0.03938973 green
0.6206678 0.75585276 0.69752765 white
0.2748537 0.20795763 0.8172204 blue
0.712525 0.3437469 0.66713727 purple
0.8296932 0.7884204 0.7368317 white
0.13008928 0.0754199 0.9855517 blue
0.64532524 0.09458423 0.4969614 purple
0.916123 0.30002373 0.854061 purple
0.79813164 0.51405716 0.78073275 purple
0.60730356 0.7529509 0.69567674 green
0.03924179 0.34245068 0.9538141 blue
0.08804959 0.5232805 0.26649326 green
0.021300316 0.44957864 0.6689963 blue
0.78507406 0.7652181 0.11571783 yellow
0.5292807 0.66102064 0.22733998 green
0.73737556 0.69916797 0.904744 white
0.7643129 0.909574 0.4025646 yellow
0.41468042 0.9235327 0.635332 green
0.42241573 0.20872879 0.42007327 purple
0.25973266 0.43535286 0.9136415 blue
0.89941275 0.8200342 0.0888173 yellow
0.7322039 0.7446769 0.17094535 green
0.8111575 0.43953818 0.10002786 orange
0.69436586 0.24140793 0.69987583 purple
0.6908857 0.52770144 0.31417578 orange
0.60166955 0.34974098 0.63510793 purple
0.33569336 0.31808895 0.34186333 black
0.49565452 0.8796816 0.07602626 green
0.33235055 0.9384885 0.44687903 green
0.6021078 0.86440545 0.6678278 green
0.6412056 0.17937583 0.51383805 purple
0.19332671 0.0804708 0.7419033 blue
0.9475386 0.3204962 0.48283583 red
0.7333906 0.21065539 0.6209855 purple
0.845067 0.014649451 0.980667 purple
0.6563404 0.4887588 0.006814897 yellow
0.80431414 0.38716972 0.020575464 orange
0.6632752 0.5389258 0.581411 white
0.09720051 0.2629218 0.18214178 green
0.012674153 0.8607522 0.47779453 green
0.8381248 0.38763785 0.2122165 orange
0.5850209 0.84442055 0.78850806 green
0.80587614 0.039773047 0.6976423 purple
0.69406533 0.004317224 0.20453405 red
0.7597267 0.5353924 0.64953196 purple
0.7201719 0.2068578 0.13768703 orange
0.63970715 0.51416504 0.9731395 purple
0.13844681 0.10289472 0.5569414 blue
0.72918504 0.5987022 0.7179512 white
0.31294662 0.17609066 0.03495246 yellow
0.1305672 0.081121325 0.097498715 black
0.19520831 0.76917505 0.60045606 green
0.9319757 0.23639888 0.89394015 purple
0.008836627 0.85571826 0.8887925 blue
0.76444197 0.4142483 0.018253386 orange
0.52559173 0.13120604 0.47145975 purple
0.18354505 0.30517662 0.2267397 green
0.7875639 0.3936054 0.18542022 orange
0.32757348 0.117344916 0.7048213 blue
0.29301935 0.19504881 0.8936262 blue
0.62783617 0.98795104 0.08489156 green
0.98592085 0.7247074 0.8191712 purple
0.9902536 0.8383497 0.24253994 yellow
0.2008391 0.6868094 0.52856314 green
0.5668519 0.030125797 0.45919663 purple
0.3650412 0.3021654 0.052612066 green
0.9737587 0.53054786 0.5889518 red
0.6971045 0.13196361 0.9426809 purple
0.76795983 0.43920964 0.2914611 orange
0.9745239 0.14358157 0.80615795 purple
0.881391 0.6214302 0.015513003 yellow
0.47716784 0.44851232 0.49630898 black
0.7222964 0.5914317 0.020624578 yellow
0.07752985 0.42524385 0.65583175 blue
0.36124742 0.24864423 0.0034726858 yellow
0.7392476 0.5366491 0.16727757 orange
0.92865413 0.58611006 0.34121948 orange
0.7077558 0.5784209 0.7925614 purple
0.33076608 0.4270547 0.25653505 green
0.35592902 0.7170357 0.8774389 blue
0.47435433 0.3715176 0.46472162 purple
0.49466425 0.44947296 0.3245762 green
0.5046069 0.09340137 0.20079052 red
0.84456235 0.26867342 0.35491902 red
0.276581 0.5521531 0.5159502 green
0.9524936 0.395945 0.6635881 purple
0.16818279 0.93704844 0.8574874 blue
0.82676554 0.14430743 0.21187574 red
0.8559614 0.5820475 0.77005804 purple
0.82677263 0.12237483 0.27910525 red
0.5573006 0.08747387 0.9806999 purple
0.9786026 0.07597613 0.22796166 red
0.8005323 0.14146125 0.3745697 red
0.45627278 0.36609495 0.9043803 blue
0.3031603 0.33711797 0.21479273 green
0.68183047 0.032316267 0.6984372 purple
6.3222647E-4 0.27366632 0.6829954 blue
0.88092387 0.6270902 0.33624047 yellow
0.49762887 0.95219624 0.043262422 green
0.19702274 0.8182577 0.9134763 blue
0.47628403 0.78227544 0.73915845 green
0.85846865 0.24963552 0.17031944 orange
0.030388176 0.2466777 0.7633737 blue
0.5985531 0.138659 0.24253583 red
0.94000274 0.49651337 0.32161033 orange
0.687663 0.36942124 0.40754884 red
0.5399901 0.56957006 0.7523682 blue
0.025602221 0.06668264 0.09859455 black
0.7067431 0.76729554 0.8749303 white
0.7123838 0.5958308 0.3492313 yellow
0.6212306 0.8229074 0.13388515 green
0.8018193 0.0086218715 0.24952787 red
0.19791579 0.92031115 0.8989174 blue
0.6534251 0.55319613 0.9179787 purple
0.21153063 0.029641509 0.31541753 purple
0.7330531 0.20362467 0.31478965 red
0.60912246 0.16830891 0.55128694 purple
0.33826578 0.4277519 0.56882447 blue
0.95229274 0.8554992 0.49616432 yellow
0.71888506 0.033905566 0.94181 purple
0.52576566 0.85326475 0.7883304 green
0.0489493 0.6325061 0.31188464 green
0.7662661 0.0030853152 0.55914205 purple
0.241391 0.8560092 0.8882249 blue
0.35865313 0.5744409 0.76036733 blue
0.36379808 0.21199018 0.14996326 yellow
0.6830169 0.5259929 0.37997717 yellow
0.5185454 0.25475246 0.97162133 purple
0.93889886 0.5901658 0.20135194 orange
0.55869406 0.88789374 0.6011697 green
0.58963513 0.292939 0.6126816 purple
0.8187027 0.92599875 0.38333797 green
0.16646463 0.26944274 0.7396379 blue
0.39708483 0.71023583 0.5216932 green
0.20633042 0.4655534 0.019538522 green
0.002631843 0.58168876 0.023873568 green
0.6943825 0.47329122 0.766946 purple
0.74914956 0.53811437 0.48084164 yellow
0.85550374 0.35344988 0.13725 orange
0.8697444 0.4626537 0.110295355 orange
0.5684312 0.65975773 0.560216 green
0.38595498 0.17470956 0.829645 purple
0.2865715 0.71352434 0.7383585 blue
0.2114271 0.22309577 0.8082405 blue
0.08156574 0.87241477 0.19082475 green
0.36212546 0.052982986 0.0029799938 red
0.07493627 0.97583175 0.113651514 green
0.53960586 0.2060759 0.45208067 purple
0.87985575 0.028363705 0.6715661 purple
0.17057383 0.27567005 0.7073877 blue
0.6791323 0.936563 0.6101858 green
0.48257136 0.91208005 0.60786533 green
0.34257495 0.55362844 0.18713278 green
0.78710884 0.40433556 0.47351354 red
0.7217615 0.7621162 0.28747118 yellow
0.58927166 0.832324 0.7979308 blue
0.20829421 0.2035945 0.8913072 blue
0.4550383 0.25046855 0.64124304 purple
0.17319441 0.221439 0.6623756 blue
0.3212191 0.693841 0.80860746 blue
0.32061166 0.18291599 0.0057403445 yellow
0.6458898 0.6142068 0.5418696 white
0.93734384 0.60300946 0.6969576 purple
0.9482007 0.5728995 0.7301825 purple
0.6951448 0.56905735 0.05250281 yellow
0.79961115 0.24506694 0.33661163 red
0.5506913 0.8961766 0.82257843 blue
0.8073664 0.66462016 0.98997265 purple
0.07161957 0.719207 0.33636427 green
0.84550333 0.55014294 0.3529715 orange
0.8531032 0.3141454 0.50256103 purple
0.38908386 0.74685717 0.81569725 blue
0.9036952 0.27142698 0.96318984 purple
0.95497423 0.76913244 0.56514984 yellow
0.22513813 0.81957465 0.7129683 green
0.22818601 0.40194702 0.65985173 blue
0.7813299 0.55418265 0.04749459 orange
0.7221367 0.4771425 0.1242252 orange
0.32421225 0.8673469 0.5997865 green
0.90372854 0.8266049 0.90087897 white
0.487144 0.5073121 0.49403155 black
0.9233577 0.60476476 0.13717675 orange
0.8132285 0.40823758 0.26829755 orange
0.17886907 0.893279 0.55991524 green
0.9048916 0.4523902 0.1136117 orange
0.009005845 0.4040351 0.59704876 blue
0.8415265 0.27948964 0.22846586 red
0.58655834 0.96021247 0.20090634 green
0.45467842 0.38855273 0.48986632 black
0.5386298 0.39661014 0.9024789 purple
0.6001054 0.34310454 0.99488676 purple
0.5248869 0.5562688 0.6569913 black
0.49023783 0.63526404 0.19843733 green
0.3153019 0.7591798 0.4931637 green
0.081193805 0.19128495 0.991748 blue
0.15350497 0.3935591 0.70914817 blue
0.5070158 0.09722179 0.79955524 purple
0.10840601 0.50755876 0.035218775 green
0.78597045 0.41406375 0.49722767 red
